tileswide 25
tileshigh 20
tilewidth 32
tileheight 32

layer 0
1,1,1,1,10,10,10,10,10,1,1,1,1,1,1,1,1,1,1,1,1,1,1,1,1,
1,1,11,1,1,1,1,1,1,1,1,1,1,1,1,1,1,1,1,1,1,1,1,1,1,
10,10,1,1,1,1,1,10,10,1,1,1,1,1,1,1,1,1,1,1,1,1,1,1,1,
10,10,1,10,10,10,10,10,1,4,4,4,4,4,4,4,4,4,4,4,1,1,1,1,1,
1,1,1,1,10,1,1,1,8,0,0,0,0,0,0,0,0,0,0,0,2,1,1,1,1,
1,1,1,1,10,1,1,1,8,0,0,0,0,0,0,0,0,0,0,0,2,1,1,1,1,
10,1,10,10,10,1,1,1,8,0,0,0,0,0,0,0,0,0,0,0,2,11,11,11,11,
10,1,10,1,1,1,1,1,8,0,0,0,0,0,0,0,0,0,0,0,2,10,10,10,10,
1,1,1,1,1,1,1,1,8,0,0,0,0,0,0,0,0,0,0,0,2,1,1,1,1,
1,1,1,1,1,1,1,1,8,0,0,0,0,0,0,0,0,0,0,0,2,1,1,1,1,
1,1,1,1,11,11,1,1,1,7,7,7,9,0,0,6,7,7,7,7,1,1,1,1,1,
1,1,1,1,10,10,1,1,1,1,1,1,8,0,0,2,1,1,1,1,1,1,1,1,1,
1,1,1,1,10,10,1,1,1,1,1,1,8,0,0,2,1,1,1,1,1,1,1,1,1,
1,1,1,1,10,10,1,1,1,10,10,1,8,0,0,2,1,1,1,11,1,11,1,1,1,
1,1,1,1,10,10,1,1,1,10,10,1,8,0,0,2,11,11,11,10,1,10,11,11,11,
1,1,1,1,1,1,1,1,1,1,1,1,8,0,0,2,10,10,1,1,1,1,1,1,10,
10,1,1,1,1,1,1,1,1,1,1,1,8,0,0,2,10,10,1,1,1,1,1,1,10,
10,1,1,1,1,1,1,1,1,1,1,1,8,0,0,2,10,10,1,1,1,1,1,1,10,
10,11,11,11,11,11,11,11,11,11,1,1,8,0,0,2,10,10,1,1,1,1,1,1,10,
10,10,10,10,10,10,10,10,10,10,1,1,8,0,0,2,10,10,10,10,10,10,10,10,10,

layer 1
0,0,0,0,1,1,1,1,1,0,0,0,0,0,0,0,0,0,0,0,0,0,0,0,0
0,0,1,0,0,0,0,0,0,0,0,0,0,0,0,0,0,0,0,0,0,0,0,0,0
1,1,0,0,0,0,0,1,1,0,0,0,0,0,0,0,0,0,0,0,0,0,0,0,0
1,1,0,1,1,1,1,1,0,0,0,0,0,0,0,0,0,0,0,0,0,0,0,0,0
0,0,0,0,1,0,0,0,0,1,1,1,1,1,1,1,1,1,1,1,0,0,0,0,0
0,0,0,0,1,0,0,0,0,1,0,0,0,0,0,0,0,0,0,1,0,0,0,0,0
1,0,1,1,1,0,0,0,0,1,0,0,0,0,0,0,0,0,0,1,0,1,1,1,1
1,0,1,0,0,0,0,0,0,1,0,0,0,0,0,0,0,0,0,1,0,1,1,1,1
0,0,0,0,0,0,0,0,0,1,0,0,0,0,0,0,0,0,0,1,0,0,0,0,0
0,0,0,0,0,0,0,0,0,1,1,1,1,1,1,1,1,1,1,1,0,0,0,0,0
0,0,0,0,1,1,0,0,0,0,0,0,0,1,1,0,0,0,0,0,0,0,0,0,0
0,0,0,0,1,1,0,0,0,0,0,0,0,1,1,0,0,0,0,0,0,0,0,0,0
0,0,0,0,1,1,0,0,0,0,0,0,0,1,1,0,0,0,0,0,0,0,0,0,0
0,0,0,0,1,1,0,0,0,1,1,0,0,1,1,0,0,0,0,1,0,1,0,0,0
0,0,0,0,1,1,0,0,0,1,1,0,0,1,1,0,1,1,1,1,0,1,1,1,1
0,0,0,0,0,0,0,0,0,0,0,0,0,1,1,0,1,1,0,0,0,0,0,0,1
1,0,0,0,0,0,0,0,0,0,0,0,0,1,1,0,1,1,0,0,0,0,0,0,1
1,0,0,0,0,0,0,0,0,0,0,0,0,1,1,0,1,1,0,0,0,0,0,0,1
1,1,1,1,1,1,1,1,1,1,0,0,0,1,1,0,1,1,0,0,0,0,0,0,1
0,0,0,0,0,0,0,0,0,1,0,0,0,1,1,0,1,1,1,1,1,1,1,1,1

